083873818519
083825224049
083825223518
083873818518
083844430645
083816221042
083843101718
083844430589
083843101727
083844430605
083843101730
083816221842
083816221843
083816221563
083816221562
083816221869
083816221878
083872675225
083872675208
083844530297
083843927816
083843927818
083843927817
083873818520
083873818521
083843101667
083843101725
083825224051
083825224046
083844430590
083844430591
083108149316
083816221874
083843928310
083862888132
083862889135
083816221037
083825223864
083816221030
083863568008
083863567970
083108149948
083108149953
083844430253
083844430271
083863683379
083863683380
083108146351
083108146404
083843184273